2022  28 17  0 51 51  60     41    6.40   -0.50   416.4   5.06   42518.  1.75    50     0
2022  28 17  1 51 51 100     78    6.30   -0.43   416.6   5.20   43772.  1.80    48    -1
2022  28 17  2 51 51  13     88    6.29   -0.01   417.3   5.56   47009.  1.94    45     0
2022  28 17  3 51 51   0     97    6.16    0.81   417.3   5.17   44270.  1.80    45     0
2022  28 17  4 51 51   0    -15    6.18    0.75   417.3   5.17   44268.  1.80    47     0
2022  28 17  5 51 51   0     63    6.03    1.65   417.9   5.17   68709.  1.81    47     0
2022  28 17  6 51 51   0     65    6.10    2.93   418.2   5.24   67050.  1.83    46     0
2022  28 17  7 51 51   0     73    6.12    2.08   419.7   5.51   59606.  1.94    46     0
2022  28 17  8 51 51   0     86    6.09    0.26   420.7   5.23   56381.  1.85    43     0
2022  28 17  9 51 51   0     71    6.09    0.87   423.8   5.38   59583.  1.93    44     0
2022  28 17 10 51 51   0     39    6.05    1.19   424.2   5.40   59993.  1.94    44     0
2022  28 17 11 51 51   0     46    6.06    1.47   419.8   5.88   56909.  2.07    42     0
2022  28 17 12 51 51   0     63    6.02    1.22   419.8   5.87   56966.  2.07    44     0
2022  28 17 13 51 51   0     56    6.04    1.22   420.7   5.51   59993.  1.95    46     1
2022  28 17 14 51 51   0     67    6.15    1.11   418.9   5.66   59331.  1.99    43     1
2022  28 17 15 51 51   0     59    6.25    0.39   418.4   5.70   59158.  2.00    41     1
2022  28 17 16 51 51  20     51    6.33    0.16   415.3   5.04   57021.  1.74    38     1
2022  28 17 17 51 51  25     46    6.38   -0.40   415.3   5.04   57021.  1.74    37     1
2022  28 17 18 51 51 100     52    6.35   -0.49   416.3   5.09   57542.  1.76    39     1
2022  28 17 19 51 51 100     58    6.33   -0.17   416.3   5.09   57542.  1.76    45     1
2022  28 17 20 51 51 100     56    6.31   -0.64   417.6   5.13   65366.  1.79    48     1
2022  28 17 21 51 51 100     46    6.22   -0.69   417.6   5.13   65366.  1.79    49     1
2022  28 17 22 51 51 100     48    6.12   -0.72   416.6   5.14   61565.  1.78    52     0
2022  28 17 23 51 51 100     59    6.09    0.21   416.6   5.14   61582.  1.78    54     0
2022  28 17 24 51 51 100     63    6.12    0.39   418.3   5.13   65287.  1.80    53     0
2022  28 17 25 51 51 100     64    6.16    0.13   420.0   5.37   68203.  1.89    49     0
2022  28 17 26 51 51 100     50    6.17    0.28   421.5   5.56   70722.  1.98    46     1
2022  28 17 27 51 51 100     48    6.12    0.15   421.2   5.45   60862.  1.93    44     1
2022  28 17 28 51 51 100     30    6.09    0.23   421.2   5.45   60834.  1.93    42     1
2022  28 17 29 51 51 100     24    6.14    0.31   421.2   5.45   60834.  1.93    40     1
2022  28 17 30 51 99 100     22    6.13    0.72 99999.9 999.99 9999999. 99.99    42     1
2022  28 17 31 51 51 100     52    6.17    0.71   409.4   5.11   54486.  1.71    46     1
2022  28 17 32 51 51 100     84    6.20    0.35   411.9   4.86   52244.  1.65    50     1
2022  28 17 33 51 51 100     41    6.19    0.15   413.4   4.71   50916.  1.61    52     1
2022  28 17 34 51 51 100     37    6.20   -0.09   414.0   5.24   64652.  1.80    48     1
2022  28 17 35 51 51 100     48    6.15   -0.09   414.0   5.24   64652.  1.80    47     1
2022  28 17 36 51 51  14     76    6.14   -0.24   415.3   5.36   65028.  1.85    52     1
2022  28 17 37 51 51   0     91    6.15   -0.43   416.1   5.37   67751.  1.86    59     1
2022  28 17 38 51 51   0     94    6.20   -0.45   417.3   5.42   69839.  1.89    57     1
2022  28 17 39 51 51   0     61    6.37   -0.56   417.9   5.46   69609.  1.91    64     1
2022  28 17 40 51 51   0     78    6.31   -1.28   421.3   5.16   57991.  1.83    70     1
2022  28 17 41 51 51   0     60    6.43   -0.73   421.1   5.19   56228.  1.84    76     1
2022  28 17 42 51 51   0     46    6.41   -1.15   419.9   5.35   45421.  1.89    96     1
2022  28 17 43 51 51  20     60    6.27   -1.74   420.2   5.31   49399.  1.88   103     1
2022  28 17 44 51 51 100     58    6.25   -1.72   420.3   5.30   50042.  1.87   108     1
2022  28 17 45 51 51 100     52    6.25   -2.11   419.5   5.60   44104.  1.97   100     1
2022  28 17 46 51 51 100     39    6.19   -2.12   419.5   5.60   44104.  1.97    89     1
2022  28 17 47 51 51 100     45    6.40   -1.67   417.8   5.63   42936.  1.97    72     1
2022  28 17 48 51 51 100    110    6.43   -1.30   418.9   5.50   41910.  1.93    70     1
2022  28 17 49 51 51 100     75    6.40   -1.21   420.5   5.38   41974.  1.90    82     2
2022  28 17 50 51 51 100     58    6.36   -1.17   420.9   5.52   50007.  1.96    81     2
2022  28 17 51 51 51 100     54    6.40   -1.77   420.7   5.28   44695.  1.87    63     2
2022  28 17 52 51 51 100     48    6.39   -1.43   420.7   5.23   43616.  1.85    65     2
2022  28 17 53 51 51 100     94    6.31   -1.26   419.5   5.19   47782.  1.83    63     2
2022  28 17 54 51 51 100    102    6.28   -1.88   419.4   5.20   47772.  1.83    64     2
2022  28 17 55 51 51 100     32    6.26   -1.78   418.3   5.23   47708.  1.83    66     2
2022  28 17 56 51 51 100     39    6.20   -1.19   420.8   5.60   49937.  1.98    70     2
2022  28 17 57 51 51 100     42    6.23   -1.30   420.8   5.60   49937.  1.98    70     2
2022  28 17 58 51 51 100     42    6.25   -1.58   415.4   5.37   46187.  1.85    70     2
2022  28 17 59 51 51 100     95    6.35   -1.93   416.2   5.22   43191.  1.81    71     2
2022  28 18  0 51 51 100    119    6.35   -2.09   423.0   5.06   38131.  1.81    73     2
2022  28 18  1 51 51 100     34    6.43   -1.99   427.2   5.28   40898.  1.93    74     2
2022  28 18  2 51 51 100     30    6.40   -2.17   418.4   5.35   38573.  1.87    71     1
2022  28 18  3 51 51 100     45    6.34   -2.19   418.4   5.35   38573.  1.87    74     1
2022  28 18  4 51 51 100     61    6.16   -2.06   417.8   5.35   44402.  1.87    74     1
2022  28 18  5 51 51 100     50    6.14   -1.79   416.9   5.36   54269.  1.86    77     1
2022  28 18  6 51 51 100     46    6.25   -2.32   415.5   5.26   48869.  1.82    78     1
2022  28 18  7 51 51 100     57    6.22   -2.60   414.2   5.16   43778.  1.77    90     0
2022  28 18  8 51 51 100     63    6.17   -2.66   419.0   5.42   43613.  1.90    80     0
2022  28 18  9 51 51 100     67    6.12   -2.74   419.8   5.46   43597.  1.92    83     0
2022  28 18 10 51 51 100     63    6.14   -2.48   417.1   5.30   44072.  1.84    82     0
2022  28 18 11 51 51 100     60    6.12   -2.52   417.5   5.26   45882.  1.83    86     0
2022  28 18 12 51 51 100     67    6.10   -2.47   417.7   5.24   46945.  1.83    86     0
2022  28 18 13 51 51 100     67    6.12   -2.50   415.9   5.09   45954.  1.76    89     0
2022  28 18 14 51 51   9    123    6.05   -1.89   415.5   5.25   40949.  1.81    93     0
2022  28 18 15 51 51   0     82    6.03   -2.17   415.9   5.27   43905.  1.82    92     0
2022  28 18 16 51 99   0     28    6.06   -2.40 99999.9 999.99 9999999. 99.99   108     0
2022  28 18 17 51 51   0     28    6.03   -2.46   414.9   4.75   54269.  1.64   101    -1
2022  28 18 18 51 51   0     46    6.00   -2.64   414.9   4.75   54269.  1.64   107    -1
2022  28 18 19 51 51   0     54    6.01   -2.64   415.1   4.90   54199.  1.69   111    -1
2022  28 18 20 51 51   0     67    5.76   -1.62   415.1   4.91   54196.  1.69   121    -1
2022  28 18 21 51 51   0     46    5.82   -2.37   411.9   5.36   57207.  1.82   110    -1
2022  28 18 22 51 51   0     58    5.91   -2.02   411.9   5.36   57207.  1.82   118    -2
2022  28 18 23 51 51   0     70    5.76   -1.27   408.7   4.79   52972.  1.60   145    -2
2022  28 18 24 51 51   0     82    5.72   -1.52   409.6   5.14   63302.  1.72   117    -2
2022  28 18 25 51 51   0     39    5.59   -1.18   410.0   5.30   68099.  1.78   249    -1
2022  28 18 26 51 51   0     39    5.51    1.05   405.2   5.86   87684.  1.92   313    -2
2022  28 18 27 51 51   0     47    5.54    0.60   405.2   5.86   87684.  1.92   335    -2
2022  28 18 28 51 51   0    104    5.45    2.40   412.4   5.83   58154.  1.98   342    -2
2022  28 18 29 51 51   0    107    5.63    5.26   414.4   5.88   56691.  2.02   325    -2
2022  28 18 30 51 51   0     50    5.61    5.24   414.9   5.84   44727.  2.01   264    -2
2022  28 18 31 51 51   0     45    5.69    5.08   414.9   5.84   44727.  2.01   217    -2
2022  28 18 32 51 51   0     50    5.72    5.14   416.1   5.64   44662.  1.95   203    -1
2022  28 18 33 51 51   0     71    5.51    3.83   416.1   5.64   44662.  1.95   211    -1
2022  28 18 34 51 99   0     63    5.41    2.21 99999.9 999.99 9999999. 99.99   234    -1
2022  28 18 35 51 51   0     48    5.43    1.83   415.1   5.65   62885.  1.95   256    -1
2022  28 18 36 51 51   0     43    5.46    2.39   415.1   5.65   62885.  1.95   261    -1
2022  28 18 37 51 51   0     78    5.46    1.51   422.3   5.60   55500.  2.00   271    -1
2022  28 18 38 51 51   0     86    5.55    1.56   423.9   5.59   53835.  2.01   353    -2
2022  28 18 39 51 51   0     50    5.64    2.22   423.3   5.15   45454.  1.85   316    -2
2022  28 18 40 51 51   0    -13    5.58    2.15   423.3   5.15   45454.  1.85   254    -3
2022  28 18 41 51 51   0     88    5.74    2.76   423.3   5.15   45454.  1.85   241    -3
2022  28 18 42 51 51   0     49    5.78    3.56   401.7   5.63   63746.  1.82   244    -3
2022  28 18 43 51 51   0     65    5.85    3.83   401.7   5.63   63746.  1.82   243    -2
2022  28 18 44 51 51   0     99    5.81    4.19   403.7   6.14   73333.  2.00   208    -3
2022  28 18 45 51 51   0     39    5.82    4.33   402.1   6.15   67972.  1.99   225    -3
2022  28 18 46 51 51   0    123    5.83    3.63   403.1   6.21   82699.  2.02   272    -3
2022  28 18 47 51 51   0     56    5.88    1.33   404.2   6.23   86276.  2.04   280    -2
2022  28 18 48 51 51   0     80    5.91    1.70   415.5   6.33   80116.  2.19   267    -3
2022  28 18 49 51 51   0     48    5.99   -1.54   415.5   6.33   80116.  2.19   209    -3
2022  28 18 50 51 99   0     52    6.05    0.12 99999.9 999.99 9999999. 99.99   217    -3
2022  28 18 51 51 51   0     46    6.08    1.80   403.3   5.56   66124.  1.81   214    -3
2022  28 18 52 51 51   0     50    6.15    1.24   403.3   5.56   66124.  1.81   240    -3
2022  28 18 53 51 51   0     52    6.24    1.25   402.4   5.49   67185.  1.78   205    -3
2022  28 18 54 51 51   0     91    6.25    4.61   402.2   5.43   69194.  1.76   197    -3
2022  28 18 55 51 51   0     67    6.19    5.14   409.8   5.78   66961.  1.94   210    -3
2022  28 18 56 51 51   0     35    6.19    4.56   411.0   5.83   66605.  1.97   245    -3
2022  28 18 57 51 51   0     37    6.12    3.92   405.5   5.50   62146.  1.81   260    -2
2022  28 18 58 51 51   0     95    6.19    2.79   405.4   5.50   62097.  1.81   253    -3
2022  28 18 59 51 51   0     46    6.21    2.50   399.0   5.38   57729.  1.71   255    -2
